2.316468318
0.004284408
-0.00954453
-0.00436634
-0.00625515
-0.00477168
-0.00485905
-0.00423387
-0.003973
-0.00357933
-0.00328583
-0.00298357
-0.00272174
-0.00247547
-0.00225405
-0.00205083
-0.00186658
-0.0016987
-0.00154629
-0.00140775
-0.00128198
-0.00116776
-0.00106408
-0.00096996
-0.00088452
-0.00080696
-0.00073653
-0.00067259
-0.00061451
-0.00056174
-0.0005138
-0.00047022
-0.0004306
-0.00039456
-0.00036177
-0.00033192
-0.00030474
-0.00027997
-0.0002574
-0.00023681
-0.00021803
-0.00020088
-0.00018521
-0.00017089
-0.00015779
-0.00014581
-0.00013483
-0.00012477
-0.00011555
-0.00010709
-0.0000993
-0.0000922
-0.0000856
-0.0000796
-0.000074
-0.0000689
-0.0000641
-0.0000598
-0.0000557
-0.000052
-0.0000486
-0.0000454
-0.0000424
-0.0000397
-0.0000371
-0.0000348
-0.0000326
-0.0000305
-0.0000286
-0.0000269
-0.0000252
-0.0000237
-0.0000222
-0.0000209
-0.0000196
-0.0000185
-0.0000174
-0.0000164
-0.0000154
-0.0000145